function xp = Decentralized_form1(t,x)
% Decentralized Form

A = [
     -9.1630   -3.8675       0         0         0         0;
         4         0         0         0         0         0;
         0         0   -2.2320         0         0         0;
         0         0         0   -6.9310         0         0;
         0         0         0         0        -8        -3;
         0         0         0         0         4         0;
];

B = [2.0000        0;
         0         0;
    0.1250         0;
         0    0.1250;
         0    2.0000;
         0         0];

C = [0.4500    1.9250         0       -0.0800         0         0;
         0         0       0.2000         0    0.3775    1.7375];

D = zeros(2,2);

K_dec =[0.6180    0.6180         0         0         0         0
         0         0         0         0    0.4142    0.4142];
u = -K_dec*x;

xp = A*x+B*u;

end